Residue    RMSF_medio
1.000 6.888
2.000 4.921
3.000 3.126
4.000 2.113
5.000 1.931
6.000 1.673
7.000 1.639
8.000 1.401
9.000 1.248
10.000 1.234
11.000 1.099
12.000 1.246
13.000 1.579
14.000 1.822
15.000 2.080
16.000 1.871
17.000 1.832
18.000 1.663
19.000 1.787
20.000 1.590
21.000 1.705
22.000 1.549
23.000 1.624
24.000 1.697
25.000 1.908
26.000 1.656
27.000 1.474
28.000 1.238
29.000 1.553
30.000 1.806
31.000 1.589
32.000 1.482
33.000 1.362
34.000 1.197
35.000 0.885
36.000 0.780
37.000 1.087
38.000 1.340
39.000 1.181
40.000 1.220
41.000 1.299
42.000 1.139
43.000 1.303
44.000 1.627
45.000 1.405
46.000 1.470
47.000 1.433
48.000 1.646
49.000 1.978
50.000 1.975
51.000 1.548
52.000 1.785
53.000 1.807
54.000 1.449
55.000 1.207
56.000 0.856
57.000 0.718
58.000 0.982
59.000 1.430
60.000 1.958
61.000 2.344
62.000 2.073
63.000 1.880
64.000 1.985
65.000 1.689
66.000 1.371
67.000 1.254
68.000 1.189
69.000 1.074
70.000 1.145
71.000 1.123
72.000 0.945
73.000 0.965
74.000 1.101
75.000 1.166
76.000 1.440
77.000 1.219
78.000 1.304
79.000 1.139
80.000 0.981
81.000 0.933
82.000 0.990
83.000 0.963
84.000 0.846
85.000 0.866
86.000 0.954
87.000 0.882
88.000 0.866
89.000 0.995
90.000 0.980
91.000 0.935
92.000 1.025
93.000 1.049
94.000 0.935
95.000 0.878
96.000 0.921
97.000 0.917
98.000 1.063
99.000 1.099
100.000 1.403
101.000 1.357
102.000 1.007
103.000 0.852
104.000 0.760
105.000 0.714
106.000 0.788
107.000 0.862
108.000 0.899
109.000 1.021
110.000 0.865
111.000 0.735
112.000 0.656
113.000 0.654
114.000 0.674
115.000 0.640
116.000 0.624
117.000 0.653
118.000 0.668
119.000 0.639
120.000 0.658
121.000 0.776
122.000 0.881
123.000 0.910
124.000 1.041
125.000 1.177
126.000 1.158
127.000 1.033
128.000 0.967
129.000 1.010
130.000 0.964
131.000 0.993
132.000 0.924
133.000 0.883
134.000 0.947
135.000 1.008
136.000 0.925
137.000 0.954
138.000 1.100
139.000 1.067
140.000 1.023
141.000 1.243
142.000 1.383
143.000 1.271
144.000 1.056
145.000 0.857
146.000 0.851
147.000 0.827
148.000 0.786
149.000 0.767
150.000 0.784
151.000 0.803
152.000 0.809
153.000 0.838
154.000 0.885
155.000 0.949
156.000 0.989
157.000 1.078
158.000 1.032
159.000 1.154
160.000 1.202
161.000 1.181
162.000 1.073
163.000 1.003
164.000 0.810
165.000 0.767
166.000 0.679
167.000 0.709
168.000 0.773
169.000 0.760
170.000 0.737
171.000 0.846
172.000 0.917
173.000 0.858
174.000 0.881
175.000 1.014
176.000 0.956
177.000 0.997
178.000 1.028
179.000 1.066
180.000 1.563
181.000 1.403
182.000 1.011
183.000 0.864
184.000 0.857
185.000 0.817
186.000 0.994
187.000 1.109
188.000 1.353
189.000 1.653
190.000 2.254
191.000 2.997
192.000 3.226
193.000 2.943
194.000 2.336
195.000 1.918
196.000 1.537
197.000 1.357
198.000 1.157
199.000 1.171
200.000 0.999
201.000 1.022
202.000 0.984
203.000 0.869
204.000 0.860
205.000 0.778
206.000 0.684
207.000 0.682
208.000 0.666
209.000 0.776
210.000 0.842
211.000 0.696
212.000 0.639
213.000 0.687
214.000 0.688
215.000 0.851
216.000 0.879
217.000 0.770
218.000 0.900
219.000 1.107
220.000 1.116
221.000 1.244
222.000 1.669
223.000 2.101
224.000 2.662
225.000 3.123
226.000 3.795
227.000 3.970
228.000 3.898
229.000 3.253
230.000 2.536
231.000 1.914
232.000 1.384
233.000 1.099
234.000 0.938
235.000 0.879
236.000 0.898
237.000 0.791
238.000 0.821
239.000 0.857
240.000 0.831
241.000 0.864
242.000 0.701
243.000 0.623
244.000 0.589
245.000 0.558
246.000 0.612
247.000 0.686
248.000 0.787
249.000 0.846
250.000 0.893
251.000 1.003
252.000 0.939
253.000 0.983
254.000 0.932
255.000 0.982
256.000 1.067
257.000 1.181
258.000 1.017
259.000 0.736
260.000 0.627
261.000 0.531
262.000 0.524
263.000 0.551
264.000 0.617
265.000 0.671
266.000 0.975
267.000 1.704
268.000 2.524
269.000 3.241
270.000 2.639
271.000 1.761
272.000 1.072
273.000 0.790
274.000 0.674
275.000 0.641
276.000 0.600
277.000 0.576
278.000 0.746
279.000 1.022
280.000 1.576
281.000 1.767
282.000 1.284
283.000 1.024
284.000 0.817
285.000 0.739
286.000 0.709
287.000 0.775
288.000 0.878
289.000 1.065
290.000 0.927
291.000 1.014
292.000 0.981
293.000 1.171
294.000 1.380
295.000 1.461
296.000 1.466
297.000 1.188
298.000 1.077
299.000 0.830
300.000 0.679
301.000 0.600
302.000 0.552
303.000 0.505
304.000 0.517
305.000 0.550
306.000 0.662
307.000 1.020
308.000 1.435
309.000 1.857
310.000 1.208
311.000 0.953
312.000 1.091
313.000 1.558
314.000 2.701
315.000 3.832
316.000 5.073
