Residue    RMSF_medio
1.000 6.480
2.000 4.647
3.000 3.138
4.000 2.049
5.000 1.839
6.000 1.575
7.000 1.542
8.000 1.311
9.000 1.119
10.000 1.037
11.000 0.914
12.000 1.050
13.000 1.355
14.000 1.573
15.000 1.746
16.000 1.519
17.000 1.564
18.000 1.436
19.000 1.572
20.000 1.456
21.000 1.575
22.000 1.442
23.000 1.506
24.000 1.585
25.000 1.727
26.000 1.485
27.000 1.303
28.000 1.093
29.000 1.349
30.000 1.565
31.000 1.407
32.000 1.335
33.000 1.200
34.000 1.089
35.000 0.782
36.000 0.678
37.000 0.876
38.000 1.066
39.000 0.929
40.000 0.963
41.000 1.050
42.000 0.960
43.000 1.125
44.000 1.415
45.000 1.248
46.000 1.338
47.000 1.356
48.000 1.561
49.000 1.864
50.000 1.801
51.000 1.434
52.000 1.654
53.000 1.601
54.000 1.286
55.000 1.077
56.000 0.775
57.000 0.686
58.000 0.916
59.000 1.344
60.000 1.859
61.000 2.251
62.000 1.967
63.000 1.828
64.000 1.931
65.000 1.625
66.000 1.314
67.000 1.214
68.000 1.156
69.000 1.040
70.000 1.107
71.000 1.094
72.000 0.909
73.000 0.914
74.000 1.054
75.000 1.121
76.000 1.387
77.000 1.197
78.000 1.284
79.000 1.083
80.000 0.895
81.000 0.830
82.000 0.883
83.000 0.868
84.000 0.758
85.000 0.764
86.000 0.856
87.000 0.794
88.000 0.771
89.000 0.886
90.000 0.898
91.000 0.857
92.000 0.936
93.000 0.966
94.000 0.862
95.000 0.818
96.000 0.844
97.000 0.845
98.000 0.954
99.000 0.931
100.000 1.163
101.000 1.167
102.000 0.895
103.000 0.769
104.000 0.696
105.000 0.671
106.000 0.753
107.000 0.838
108.000 0.884
109.000 1.002
110.000 0.816
111.000 0.705
112.000 0.627
113.000 0.622
114.000 0.633
115.000 0.597
116.000 0.580
117.000 0.604
118.000 0.616
119.000 0.596
120.000 0.604
121.000 0.718
122.000 0.814
123.000 0.848
124.000 1.002
125.000 1.111
126.000 1.058
127.000 0.966
128.000 0.910
129.000 0.951
130.000 0.898
131.000 0.929
132.000 0.866
133.000 0.838
134.000 0.908
135.000 0.963
136.000 0.883
137.000 0.919
138.000 1.060
139.000 1.016
140.000 0.970
141.000 1.186
142.000 1.316
143.000 1.197
144.000 0.981
145.000 0.785
146.000 0.773
147.000 0.750
148.000 0.730
149.000 0.713
150.000 0.722
151.000 0.751
152.000 0.775
153.000 0.799
154.000 0.836
155.000 0.905
156.000 0.957
157.000 1.048
158.000 1.011
159.000 1.108
160.000 1.175
161.000 1.178
162.000 0.991
163.000 0.863
164.000 0.778
165.000 0.732
166.000 0.643
167.000 0.669
168.000 0.730
169.000 0.717
170.000 0.706
171.000 0.797
172.000 0.857
173.000 0.809
174.000 0.836
175.000 0.954
176.000 0.898
177.000 0.926
178.000 0.965
179.000 1.069
180.000 1.665
181.000 1.339
182.000 0.948
183.000 0.802
184.000 0.789
185.000 0.751
186.000 0.932
187.000 1.041
188.000 1.264
189.000 1.587
190.000 2.256
191.000 3.053
192.000 3.291
193.000 2.943
194.000 2.259
195.000 1.823
196.000 1.436
197.000 1.293
198.000 1.089
199.000 1.095
200.000 0.931
201.000 0.957
202.000 0.919
203.000 0.817
204.000 0.816
205.000 0.740
206.000 0.675
207.000 0.655
208.000 0.647
209.000 0.755
210.000 0.826
211.000 0.680
212.000 0.644
213.000 0.695
214.000 0.687
215.000 0.847
216.000 0.876
217.000 0.755
218.000 0.900
219.000 1.094
220.000 1.101
221.000 1.169
222.000 1.544
223.000 2.033
224.000 2.567
225.000 3.123
226.000 3.950
227.000 4.134
228.000 4.054
229.000 3.429
230.000 2.485
231.000 1.855
232.000 1.288
233.000 1.017
234.000 0.883
235.000 0.845
236.000 0.840
237.000 0.735
238.000 0.767
239.000 0.807
240.000 0.810
241.000 0.874
242.000 0.692
243.000 0.620
244.000 0.581
245.000 0.578
246.000 0.619
247.000 0.693
248.000 0.802
249.000 0.870
250.000 0.999
251.000 1.057
252.000 1.023
253.000 1.036
254.000 0.940
255.000 0.956
256.000 1.031
257.000 1.199
258.000 1.007
259.000 0.731
260.000 0.634
261.000 0.556
262.000 0.559
263.000 0.583
264.000 0.616
265.000 0.649
266.000 0.829
267.000 1.202
268.000 1.516
269.000 1.984
270.000 1.933
271.000 1.394
272.000 0.920
273.000 0.753
274.000 0.665
275.000 0.617
276.000 0.583
277.000 0.591
278.000 0.795
279.000 1.097
280.000 1.588
281.000 1.757
282.000 1.286
283.000 1.009
284.000 0.819
285.000 0.692
286.000 0.659
287.000 0.731
288.000 0.832
289.000 0.982
290.000 0.865
291.000 0.933
292.000 0.909
293.000 1.106
294.000 1.349
295.000 1.571
296.000 1.481
297.000 1.177
298.000 1.150
299.000 0.837
300.000 0.679
301.000 0.614
302.000 0.572
303.000 0.536
304.000 0.546
305.000 0.575
306.000 0.676
307.000 1.025
308.000 1.380
309.000 1.739
310.000 1.144
311.000 0.907
312.000 1.042
313.000 1.527
314.000 2.844
315.000 4.289
316.000 5.825
