Residue    RMSF_medio
1.000 7.090
2.000 5.055
3.000 3.352
4.000 2.176
5.000 1.972
6.000 1.692
7.000 1.666
8.000 1.405
9.000 1.192
10.000 1.091
11.000 0.925
12.000 1.055
13.000 1.399
14.000 1.622
15.000 1.825
16.000 1.604
17.000 1.647
18.000 1.517
19.000 1.678
20.000 1.563
21.000 1.694
22.000 1.536
23.000 1.582
24.000 1.644
25.000 1.773
26.000 1.524
27.000 1.339
28.000 1.132
29.000 1.414
30.000 1.629
31.000 1.467
32.000 1.391
33.000 1.259
34.000 1.147
35.000 0.858
36.000 0.751
37.000 0.993
38.000 1.189
39.000 1.074
40.000 1.113
41.000 1.206
42.000 1.070
43.000 1.210
44.000 1.492
45.000 1.302
46.000 1.393
47.000 1.421
48.000 1.674
49.000 2.011
50.000 1.949
51.000 1.548
52.000 1.764
53.000 1.702
54.000 1.374
55.000 1.143
56.000 0.813
57.000 0.705
58.000 0.870
59.000 1.206
60.000 1.577
61.000 2.100
62.000 1.960
63.000 1.970
64.000 2.045
65.000 1.622
66.000 1.342
67.000 1.391
68.000 1.280
69.000 1.053
70.000 1.124
71.000 1.153
72.000 0.997
73.000 0.958
74.000 1.117
75.000 1.205
76.000 1.507
77.000 1.236
78.000 1.254
79.000 1.122
80.000 0.969
81.000 0.912
82.000 0.979
83.000 0.963
84.000 0.845
85.000 0.864
86.000 0.962
87.000 0.889
88.000 0.867
89.000 0.990
90.000 0.985
91.000 0.947
92.000 1.029
93.000 1.054
94.000 0.950
95.000 0.901
96.000 0.929
97.000 0.918
98.000 1.028
99.000 0.995
100.000 1.247
101.000 1.238
102.000 0.966
103.000 0.844
104.000 0.774
105.000 0.744
106.000 0.827
107.000 0.897
108.000 0.946
109.000 1.201
110.000 0.889
111.000 0.772
112.000 0.675
113.000 0.666
114.000 0.700
115.000 0.676
116.000 0.668
117.000 0.683
118.000 0.698
119.000 0.688
120.000 0.712
121.000 0.827
122.000 0.925
123.000 0.997
124.000 1.232
125.000 1.286
126.000 1.250
127.000 1.082
128.000 0.977
129.000 1.019
130.000 0.969
131.000 1.027
132.000 0.981
133.000 0.903
134.000 0.975
135.000 1.057
136.000 0.963
137.000 0.987
138.000 1.140
139.000 1.102
140.000 1.052
141.000 1.281
142.000 1.423
143.000 1.285
144.000 1.058
145.000 0.870
146.000 0.859
147.000 0.836
148.000 0.806
149.000 0.789
150.000 0.801
151.000 0.820
152.000 0.846
153.000 0.879
154.000 0.902
155.000 0.956
156.000 1.012
157.000 1.115
158.000 1.119
159.000 1.194
160.000 1.234
161.000 1.222
162.000 1.049
163.000 1.052
164.000 0.843
165.000 0.827
166.000 0.736
167.000 0.773
168.000 0.839
169.000 0.817
170.000 0.817
171.000 0.919
172.000 0.973
173.000 0.921
174.000 0.960
175.000 1.078
176.000 0.991
177.000 1.068
178.000 1.086
179.000 1.179
180.000 1.847
181.000 1.544
182.000 1.065
183.000 0.888
184.000 0.872
185.000 0.834
186.000 1.014
187.000 1.150
188.000 1.442
189.000 1.834
190.000 2.440
191.000 3.270
192.000 3.486
193.000 3.094
194.000 2.429
195.000 2.008
196.000 1.583
197.000 1.428
198.000 1.194
199.000 1.216
200.000 1.045
201.000 1.082
202.000 1.040
203.000 0.927
204.000 0.918
205.000 0.853
206.000 0.755
207.000 0.733
208.000 0.720
209.000 0.815
210.000 0.886
211.000 0.740
212.000 0.685
213.000 0.721
214.000 0.730
215.000 0.898
216.000 0.919
217.000 0.804
218.000 0.945
219.000 1.190
220.000 1.273
221.000 1.452
222.000 1.915
223.000 2.335
224.000 2.890
225.000 3.400
226.000 4.087
227.000 4.304
228.000 4.292
229.000 3.473
230.000 2.759
231.000 2.062
232.000 1.475
233.000 1.187
234.000 0.998
235.000 0.923
236.000 0.936
237.000 0.816
238.000 0.856
239.000 0.939
240.000 0.900
241.000 0.918
242.000 0.761
243.000 0.685
244.000 0.652
245.000 0.628
246.000 0.680
247.000 0.754
248.000 0.863
249.000 0.922
250.000 1.050
251.000 1.063
252.000 0.988
253.000 1.024
254.000 0.985
255.000 1.015
256.000 1.108
257.000 1.211
258.000 1.004
259.000 0.795
260.000 0.713
261.000 0.641
262.000 0.630
263.000 0.631
264.000 0.693
265.000 0.730
266.000 0.925
267.000 1.642
268.000 2.404
269.000 3.336
270.000 2.910
271.000 1.903
272.000 1.060
273.000 0.795
274.000 0.709
275.000 0.670
276.000 0.644
277.000 0.669
278.000 0.846
279.000 1.158
280.000 1.680
281.000 1.892
282.000 1.422
283.000 1.141
284.000 0.873
285.000 0.765
286.000 0.721
287.000 0.813
288.000 0.983
289.000 1.078
290.000 0.947
291.000 1.031
292.000 0.991
293.000 1.214
294.000 1.490
295.000 1.672
296.000 1.525
297.000 1.263
298.000 1.143
299.000 0.934
300.000 0.773
301.000 0.686
302.000 0.627
303.000 0.596
304.000 0.607
305.000 0.631
306.000 0.745
307.000 1.055
308.000 1.710
309.000 2.171
310.000 1.415
311.000 1.037
312.000 1.159
313.000 1.657
314.000 2.982
315.000 4.167
316.000 5.541
