Residue    RMSF_medio
1.000 6.812
2.000 4.847
3.000 3.227
4.000 2.221
5.000 2.005
6.000 1.725
7.000 1.683
8.000 1.426
9.000 1.201
10.000 1.082
11.000 0.891
12.000 1.008
13.000 1.341
14.000 1.653
15.000 1.845
16.000 1.594
17.000 1.638
18.000 1.495
19.000 1.672
20.000 1.566
21.000 1.698
22.000 1.584
23.000 1.667
24.000 1.727
25.000 1.875
26.000 1.613
27.000 1.404
28.000 1.177
29.000 1.450
30.000 1.700
31.000 1.533
32.000 1.414
33.000 1.276
34.000 1.150
35.000 0.848
36.000 0.757
37.000 1.002
38.000 1.231
39.000 1.070
40.000 1.102
41.000 1.164
42.000 1.030
43.000 1.191
44.000 1.456
45.000 1.282
46.000 1.403
47.000 1.450
48.000 1.657
49.000 1.971
50.000 1.913
51.000 1.554
52.000 1.782
53.000 1.738
54.000 1.402
55.000 1.165
56.000 0.827
57.000 0.716
58.000 0.866
59.000 1.229
60.000 1.626
61.000 2.118
62.000 1.896
63.000 1.857
64.000 1.920
65.000 1.545
66.000 1.271
67.000 1.286
68.000 1.214
69.000 1.035
70.000 1.100
71.000 1.115
72.000 0.962
73.000 0.969
74.000 1.107
75.000 1.174
76.000 1.436
77.000 1.221
78.000 1.267
79.000 1.137
80.000 1.007
81.000 0.956
82.000 0.995
83.000 0.961
84.000 0.853
85.000 0.874
86.000 0.958
87.000 0.884
88.000 0.869
89.000 0.986
90.000 0.967
91.000 0.930
92.000 1.027
93.000 1.058
94.000 0.963
95.000 0.924
96.000 0.944
97.000 0.930
98.000 1.033
99.000 1.018
100.000 1.247
101.000 1.235
102.000 0.957
103.000 0.837
104.000 0.781
105.000 0.759
106.000 0.842
107.000 0.907
108.000 0.917
109.000 1.035
110.000 0.866
111.000 0.763
112.000 0.674
113.000 0.662
114.000 0.695
115.000 0.676
116.000 0.655
117.000 0.654
118.000 0.667
119.000 0.652
120.000 0.652
121.000 0.746
122.000 0.842
123.000 0.891
124.000 1.002
125.000 1.167
126.000 1.128
127.000 0.993
128.000 0.935
129.000 0.985
130.000 0.938
131.000 0.966
132.000 0.911
133.000 0.864
134.000 0.923
135.000 0.990
136.000 0.919
137.000 0.927
138.000 1.060
139.000 1.037
140.000 0.992
141.000 1.176
142.000 1.326
143.000 1.240
144.000 1.030
145.000 0.860
146.000 0.862
147.000 0.842
148.000 0.804
149.000 0.784
150.000 0.799
151.000 0.820
152.000 0.834
153.000 0.859
154.000 0.905
155.000 0.969
156.000 1.021
157.000 1.108
158.000 1.064
159.000 1.143
160.000 1.210
161.000 1.241
162.000 1.104
163.000 1.073
164.000 0.842
165.000 0.783
166.000 0.674
167.000 0.700
168.000 0.765
169.000 0.734
170.000 0.710
171.000 0.814
172.000 0.876
173.000 0.817
174.000 0.851
175.000 0.983
176.000 0.929
177.000 0.947
178.000 0.999
179.000 1.076
180.000 1.633
181.000 1.466
182.000 1.011
183.000 0.847
184.000 0.831
185.000 0.784
186.000 0.968
187.000 1.081
188.000 1.316
189.000 1.629
190.000 2.282
191.000 3.055
192.000 3.273
193.000 2.954
194.000 2.308
195.000 1.848
196.000 1.488
197.000 1.324
198.000 1.124
199.000 1.131
200.000 0.966
201.000 0.991
202.000 0.955
203.000 0.847
204.000 0.846
205.000 0.761
206.000 0.688
207.000 0.682
208.000 0.665
209.000 0.790
210.000 0.863
211.000 0.699
212.000 0.640
213.000 0.698
214.000 0.687
215.000 0.846
216.000 0.879
217.000 0.766
218.000 0.895
219.000 1.093
220.000 1.129
221.000 1.266
222.000 1.680
223.000 2.127
224.000 2.664
225.000 3.198
226.000 3.939
227.000 4.123
228.000 4.078
229.000 3.308
230.000 2.530
231.000 1.921
232.000 1.387
233.000 1.100
234.000 0.919
235.000 0.848
236.000 0.867
237.000 0.768
238.000 0.798
239.000 0.850
240.000 0.843
241.000 0.863
242.000 0.702
243.000 0.628
244.000 0.581
245.000 0.555
246.000 0.616
247.000 0.697
248.000 0.795
249.000 0.837
250.000 0.885
251.000 0.946
252.000 0.855
253.000 0.872
254.000 0.853
255.000 0.918
256.000 0.994
257.000 1.180
258.000 1.062
259.000 0.731
260.000 0.624
261.000 0.536
262.000 0.533
263.000 0.539
264.000 0.612
265.000 0.671
266.000 0.906
267.000 1.340
268.000 1.731
269.000 2.364
270.000 2.270
271.000 1.699
272.000 1.037
273.000 0.779
274.000 0.687
275.000 0.635
276.000 0.608
277.000 0.582
278.000 0.729
279.000 0.927
280.000 1.561
281.000 1.717
282.000 1.215
283.000 0.953
284.000 0.790
285.000 0.724
286.000 0.697
287.000 0.777
288.000 0.885
289.000 1.044
290.000 0.916
291.000 0.971
292.000 0.920
293.000 1.029
294.000 1.069
295.000 1.089
296.000 1.044
297.000 0.905
298.000 0.893
299.000 0.764
300.000 0.673
301.000 0.593
302.000 0.550
303.000 0.506
304.000 0.519
305.000 0.553
306.000 0.698
307.000 0.981
308.000 1.439
309.000 1.940
310.000 1.225
311.000 0.939
312.000 1.064
313.000 1.528
314.000 2.686
315.000 3.857
316.000 5.168
