Residue    RMSF_medio
1.000 6.672
2.000 4.866
3.000 3.334
4.000 2.267
5.000 2.077
6.000 1.815
7.000 1.880
8.000 1.663
9.000 1.413
10.000 1.331
11.000 1.026
12.000 1.049
13.000 1.353
14.000 1.802
15.000 2.121
16.000 1.939
17.000 2.029
18.000 1.931
19.000 2.111
20.000 1.884
21.000 1.943
22.000 1.677
23.000 1.708
24.000 1.741
25.000 1.987
26.000 1.754
27.000 1.598
28.000 1.352
29.000 1.745
30.000 1.991
31.000 1.771
32.000 1.685
33.000 1.561
34.000 1.380
35.000 1.026
36.000 0.880
37.000 1.231
38.000 1.531
39.000 1.413
40.000 1.436
41.000 1.536
42.000 1.318
43.000 1.505
44.000 1.847
45.000 1.544
46.000 1.546
47.000 1.478
48.000 1.739
49.000 2.144
50.000 2.150
51.000 1.704
52.000 2.014
53.000 2.056
54.000 1.633
55.000 1.347
56.000 0.908
57.000 0.755
58.000 0.992
59.000 1.470
60.000 1.994
61.000 2.470
62.000 2.148
63.000 2.036
64.000 2.150
65.000 1.684
66.000 1.360
67.000 1.419
68.000 1.299
69.000 1.084
70.000 1.250
71.000 1.290
72.000 1.033
73.000 1.042
74.000 1.221
75.000 1.336
76.000 1.756
77.000 1.366
78.000 1.476
79.000 1.305
80.000 1.098
81.000 1.019
82.000 1.061
83.000 1.008
84.000 0.875
85.000 0.880
86.000 0.952
87.000 0.892
88.000 0.881
89.000 0.999
90.000 1.025
91.000 0.986
92.000 1.075
93.000 1.101
94.000 0.989
95.000 0.941
96.000 0.964
97.000 0.949
98.000 1.040
99.000 0.998
100.000 1.191
101.000 1.192
102.000 0.949
103.000 0.841
104.000 0.785
105.000 0.753
106.000 0.835
107.000 0.900
108.000 0.918
109.000 0.986
110.000 0.849
111.000 0.732
112.000 0.658
113.000 0.650
114.000 0.682
115.000 0.650
116.000 0.624
117.000 0.648
118.000 0.672
119.000 0.654
120.000 0.644
121.000 0.764
122.000 0.850
123.000 0.851
124.000 1.012
125.000 1.146
126.000 1.114
127.000 0.987
128.000 0.969
129.000 1.047
130.000 1.019
131.000 1.053
132.000 0.975
133.000 0.926
134.000 0.987
135.000 1.050
136.000 0.961
137.000 0.972
138.000 1.119
139.000 1.099
140.000 1.040
141.000 1.254
142.000 1.405
143.000 1.313
144.000 1.100
145.000 0.886
146.000 0.882
147.000 0.857
148.000 0.822
149.000 0.802
150.000 0.822
151.000 0.853
152.000 0.880
153.000 0.914
154.000 0.959
155.000 1.036
156.000 1.076
157.000 1.221
158.000 1.227
159.000 1.288
160.000 1.233
161.000 1.221
162.000 1.051
163.000 0.926
164.000 0.807
165.000 0.767
166.000 0.665
167.000 0.695
168.000 0.771
169.000 0.746
170.000 0.720
171.000 0.826
172.000 0.892
173.000 0.831
174.000 0.843
175.000 0.978
176.000 0.949
177.000 0.950
178.000 0.969
179.000 1.022
180.000 1.630
181.000 1.488
182.000 1.008
183.000 0.851
184.000 0.841
185.000 0.810
186.000 0.989
187.000 1.139
188.000 1.394
189.000 1.725
190.000 2.182
191.000 2.841
192.000 2.962
193.000 2.737
194.000 2.229
195.000 1.923
196.000 1.541
197.000 1.340
198.000 1.138
199.000 1.144
200.000 0.971
201.000 0.983
202.000 0.952
203.000 0.837
204.000 0.832
205.000 0.762
206.000 0.685
207.000 0.687
208.000 0.684
209.000 0.789
210.000 0.872
211.000 0.725
212.000 0.680
213.000 0.734
214.000 0.749
215.000 0.916
216.000 0.929
217.000 0.818
218.000 0.969
219.000 1.183
220.000 1.245
221.000 1.347
222.000 1.724
223.000 2.076
224.000 2.567
225.000 3.049
226.000 3.673
227.000 3.792
228.000 3.783
229.000 3.143
230.000 2.395
231.000 1.809
232.000 1.340
233.000 1.132
234.000 1.005
235.000 0.924
236.000 0.918
237.000 0.800
238.000 0.849
239.000 0.879
240.000 0.879
241.000 0.899
242.000 0.726
243.000 0.645
244.000 0.608
245.000 0.595
246.000 0.650
247.000 0.709
248.000 0.791
249.000 0.851
250.000 1.008
251.000 1.048
252.000 0.987
253.000 1.033
254.000 0.977
255.000 1.054
256.000 1.220
257.000 1.349
258.000 1.231
259.000 0.773
260.000 0.650
261.000 0.559
262.000 0.565
263.000 0.572
264.000 0.622
265.000 0.682
266.000 0.827
267.000 1.044
268.000 1.105
269.000 1.079
270.000 1.077
271.000 1.197
272.000 0.889
273.000 0.724
274.000 0.647
275.000 0.627
276.000 0.611
277.000 0.615
278.000 0.835
279.000 1.228
280.000 1.772
281.000 1.939
282.000 1.425
283.000 1.093
284.000 0.889
285.000 0.747
286.000 0.691
287.000 0.750
288.000 0.849
289.000 0.999
290.000 0.904
291.000 0.980
292.000 0.981
293.000 1.219
294.000 1.614
295.000 1.808
296.000 1.532
297.000 1.180
298.000 1.206
299.000 0.864
300.000 0.717
301.000 0.630
302.000 0.581
303.000 0.542
304.000 0.556
305.000 0.574
306.000 0.722
307.000 1.028
308.000 1.571
309.000 1.942
310.000 1.305
311.000 0.995
312.000 1.120
313.000 1.581
314.000 2.836
315.000 4.134
316.000 5.574
