Residue    RMSF_medio
1.000 6.808
2.000 4.875
3.000 3.223
4.000 2.180
5.000 1.957
6.000 1.685
7.000 1.625
8.000 1.366
9.000 1.142
10.000 1.032
11.000 0.861
12.000 0.979
13.000 1.331
14.000 1.600
15.000 1.773
16.000 1.534
17.000 1.572
18.000 1.423
19.000 1.601
20.000 1.534
21.000 1.688
22.000 1.556
23.000 1.605
24.000 1.639
25.000 1.766
26.000 1.514
27.000 1.319
28.000 1.117
29.000 1.372
30.000 1.609
31.000 1.475
32.000 1.384
33.000 1.231
34.000 1.101
35.000 0.791
36.000 0.684
37.000 0.878
38.000 1.105
39.000 0.981
40.000 0.967
41.000 1.043
42.000 0.933
43.000 1.100
44.000 1.340
45.000 1.179
46.000 1.300
47.000 1.364
48.000 1.569
49.000 1.868
50.000 1.776
51.000 1.436
52.000 1.665
53.000 1.625
54.000 1.298
55.000 1.081
56.000 0.782
57.000 0.685
58.000 0.839
59.000 1.169
60.000 1.477
61.000 1.957
62.000 1.768
63.000 1.732
64.000 1.771
65.000 1.416
66.000 1.179
67.000 1.185
68.000 1.104
69.000 0.963
70.000 1.033
71.000 1.037
72.000 0.909
73.000 0.937
74.000 1.087
75.000 1.127
76.000 1.362
77.000 1.172
78.000 1.208
79.000 1.076
80.000 0.932
81.000 0.856
82.000 0.913
83.000 0.904
84.000 0.795
85.000 0.796
86.000 0.887
87.000 0.833
88.000 0.816
89.000 0.923
90.000 0.947
91.000 0.898
92.000 0.981
93.000 1.019
94.000 0.922
95.000 0.880
96.000 0.901
97.000 0.893
98.000 0.972
99.000 0.973
100.000 1.242
101.000 1.179
102.000 0.872
103.000 0.786
104.000 0.753
105.000 0.737
106.000 0.814
107.000 0.889
108.000 0.903
109.000 0.954
110.000 0.835
111.000 0.733
112.000 0.667
113.000 0.658
114.000 0.673
115.000 0.637
116.000 0.620
117.000 0.645
118.000 0.651
119.000 0.633
120.000 0.642
121.000 0.766
122.000 0.799
123.000 0.855
124.000 1.106
125.000 1.172
126.000 1.130
127.000 1.085
128.000 0.987
129.000 1.009
130.000 0.936
131.000 0.954
132.000 0.893
133.000 0.847
134.000 0.914
135.000 0.982
136.000 0.897
137.000 0.895
138.000 1.019
139.000 0.994
140.000 0.928
141.000 1.126
142.000 1.258
143.000 1.115
144.000 1.001
145.000 0.832
146.000 0.815
147.000 0.792
148.000 0.776
149.000 0.764
150.000 0.767
151.000 0.794
152.000 0.823
153.000 0.843
154.000 0.880
155.000 0.950
156.000 1.001
157.000 1.116
158.000 1.096
159.000 1.153
160.000 1.149
161.000 1.196
162.000 1.048
163.000 0.944
164.000 0.822
165.000 0.776
166.000 0.677
167.000 0.681
168.000 0.751
169.000 0.754
170.000 0.738
171.000 0.827
172.000 0.916
173.000 0.868
174.000 0.857
175.000 0.990
176.000 0.954
177.000 1.028
178.000 1.050
179.000 1.042
180.000 1.534
181.000 1.368
182.000 0.991
183.000 0.850
184.000 0.845
185.000 0.795
186.000 0.976
187.000 1.088
188.000 1.340
189.000 1.606
190.000 2.112
191.000 2.795
192.000 2.969
193.000 2.726
194.000 2.146
195.000 1.783
196.000 1.470
197.000 1.333
198.000 1.132
199.000 1.133
200.000 0.988
201.000 1.014
202.000 0.961
203.000 0.836
204.000 0.835
205.000 0.767
206.000 0.685
207.000 0.666
208.000 0.656
209.000 0.800
210.000 0.851
211.000 0.698
212.000 0.654
213.000 0.708
214.000 0.727
215.000 0.882
216.000 0.906
217.000 0.816
218.000 0.950
219.000 1.183
220.000 1.217
221.000 1.312
222.000 1.696
223.000 2.028
224.000 2.496
225.000 2.930
226.000 3.560
227.000 3.700
228.000 3.656
229.000 3.057
230.000 2.326
231.000 1.782
232.000 1.365
233.000 1.108
234.000 0.953
235.000 0.886
236.000 0.868
237.000 0.766
238.000 0.800
239.000 0.855
240.000 0.830
241.000 0.887
242.000 0.699
243.000 0.629
244.000 0.587
245.000 0.560
246.000 0.615
247.000 0.693
248.000 0.803
249.000 0.871
250.000 0.959
251.000 1.041
252.000 0.975
253.000 1.026
254.000 0.960
255.000 1.008
256.000 1.088
257.000 1.220
258.000 1.048
259.000 0.752
260.000 0.653
261.000 0.561
262.000 0.559
263.000 0.554
264.000 0.629
265.000 0.689
266.000 0.846
267.000 1.221
268.000 1.557
269.000 1.791
270.000 1.752
271.000 1.458
272.000 0.945
273.000 0.748
274.000 0.667
275.000 0.635
276.000 0.625
277.000 0.634
278.000 0.912
279.000 1.254
280.000 1.704
281.000 1.812
282.000 1.392
283.000 1.109
284.000 0.982
285.000 0.741
286.000 0.696
287.000 0.736
288.000 0.833
289.000 0.998
290.000 0.884
291.000 0.940
292.000 0.937
293.000 1.210
294.000 1.673
295.000 1.849
296.000 1.819
297.000 1.290
298.000 1.263
299.000 0.864
300.000 0.720
301.000 0.610
302.000 0.561
303.000 0.520
304.000 0.532
305.000 0.558
306.000 0.664
307.000 1.055
308.000 1.513
309.000 1.920
310.000 1.187
311.000 0.926
312.000 1.055
313.000 1.570
314.000 2.863
315.000 4.225
316.000 5.572
