Residue    RMSF_medio
1.000 7.039
2.000 5.206
3.000 3.881
4.000 2.751
5.000 2.676
6.000 2.391
7.000 2.492
8.000 2.082
9.000 1.723
10.000 1.503
11.000 1.099
12.000 1.169
13.000 1.507
14.000 2.010
15.000 2.398
16.000 2.189
17.000 2.342
18.000 2.282
19.000 2.603
20.000 2.330
21.000 2.351
22.000 1.992
23.000 1.877
24.000 1.895
25.000 2.090
26.000 1.841
27.000 1.732
28.000 1.489
29.000 2.068
30.000 2.335
31.000 2.031
32.000 1.911
33.000 1.874
34.000 1.726
35.000 1.285
36.000 1.129
37.000 1.684
38.000 2.208
39.000 2.067
40.000 1.970
41.000 2.060
42.000 1.661
43.000 1.827
44.000 2.212
45.000 1.796
46.000 1.726
47.000 1.719
48.000 2.227
49.000 2.860
50.000 2.888
51.000 2.298
52.000 2.739
53.000 2.719
54.000 2.143
55.000 1.699
56.000 1.037
57.000 0.840
58.000 1.084
59.000 1.529
60.000 1.914
61.000 2.339
62.000 2.060
63.000 1.956
64.000 2.120
65.000 1.696
66.000 1.325
67.000 1.362
68.000 1.319
69.000 1.136
70.000 1.259
71.000 1.325
72.000 1.087
73.000 1.085
74.000 1.253
75.000 1.312
76.000 1.750
77.000 1.426
78.000 1.551
79.000 1.355
80.000 1.170
81.000 1.151
82.000 1.209
83.000 1.114
84.000 1.005
85.000 1.073
86.000 1.122
87.000 1.017
88.000 1.046
89.000 1.191
90.000 1.126
91.000 1.073
92.000 1.212
93.000 1.221
94.000 1.114
95.000 1.075
96.000 1.112
97.000 1.101
98.000 1.215
99.000 1.120
100.000 1.311
101.000 1.343
102.000 1.077
103.000 0.960
104.000 0.926
105.000 0.881
106.000 0.949
107.000 0.998
108.000 0.976
109.000 0.981
110.000 0.878
111.000 0.801
112.000 0.728
113.000 0.709
114.000 0.764
115.000 0.760
116.000 0.710
117.000 0.724
118.000 0.775
119.000 0.771
120.000 0.751
121.000 0.840
122.000 0.940
123.000 0.959
124.000 1.024
125.000 1.133
126.000 1.095
127.000 1.062
128.000 1.021
129.000 1.078
130.000 1.047
131.000 1.109
132.000 1.047
133.000 0.964
134.000 1.028
135.000 1.118
136.000 1.040
137.000 1.004
138.000 1.158
139.000 1.177
140.000 1.107
141.000 1.307
142.000 1.498
143.000 1.393
144.000 1.240
145.000 1.035
146.000 1.006
147.000 0.996
148.000 0.938
149.000 0.896
150.000 0.909
151.000 0.924
152.000 0.930
153.000 0.943
154.000 0.992
155.000 1.079
156.000 1.117
157.000 1.194
158.000 1.176
159.000 1.266
160.000 1.316
161.000 1.220
162.000 1.051
163.000 0.918
164.000 0.796
165.000 0.745
166.000 0.689
167.000 0.739
168.000 0.796
169.000 0.779
170.000 0.774
171.000 0.882
172.000 0.957
173.000 0.902
174.000 0.892
175.000 1.016
176.000 0.974
177.000 1.009
178.000 1.107
179.000 1.066
180.000 1.553
181.000 1.355
182.000 0.984
183.000 0.861
184.000 0.859
185.000 0.840
186.000 1.014
187.000 1.180
188.000 1.519
189.000 1.914
190.000 2.362
191.000 3.260
192.000 3.368
193.000 3.089
194.000 2.579
195.000 2.128
196.000 1.642
197.000 1.353
198.000 1.130
199.000 1.129
200.000 1.003
201.000 1.030
202.000 0.985
203.000 0.886
204.000 0.876
205.000 0.807
206.000 0.736
207.000 0.717
208.000 0.738
209.000 0.888
210.000 0.950
211.000 0.807
212.000 0.760
213.000 0.783
214.000 0.813
215.000 0.972
216.000 0.975
217.000 0.866
218.000 0.994
219.000 1.273
220.000 1.296
221.000 1.490
222.000 1.905
223.000 2.168
224.000 2.570
225.000 2.908
226.000 3.438
227.000 3.639
228.000 3.670
229.000 3.138
230.000 2.612
231.000 2.051
232.000 1.630
233.000 1.303
234.000 1.056
235.000 0.948
236.000 0.914
237.000 0.804
238.000 0.842
239.000 0.908
240.000 0.877
241.000 0.924
242.000 0.740
243.000 0.682
244.000 0.646
245.000 0.615
246.000 0.687
247.000 0.784
248.000 0.896
249.000 0.969
250.000 1.017
251.000 1.161
252.000 1.059
253.000 1.056
254.000 1.024
255.000 1.050
256.000 1.168
257.000 1.244
258.000 1.188
259.000 0.811
260.000 0.706
261.000 0.613
262.000 0.607
263.000 0.649
264.000 0.717
265.000 0.817
266.000 0.947
267.000 1.171
268.000 1.152
269.000 1.115
270.000 1.104
271.000 1.249
272.000 0.973
273.000 0.811
274.000 0.734
275.000 0.722
276.000 0.738
277.000 0.677
278.000 0.789
279.000 0.951
280.000 1.776
281.000 1.954
282.000 1.468
283.000 1.106
284.000 0.917
285.000 0.906
286.000 0.864
287.000 0.899
288.000 0.991
289.000 1.129
290.000 1.040
291.000 1.101
292.000 1.048
293.000 1.197
294.000 1.209
295.000 1.263
296.000 1.223
297.000 1.132
298.000 1.134
299.000 0.983
300.000 0.859
301.000 0.754
302.000 0.660
303.000 0.603
304.000 0.600
305.000 0.632
306.000 0.745
307.000 1.070
308.000 1.455
309.000 1.753
310.000 1.186
311.000 0.977
312.000 1.110
313.000 1.539
314.000 2.689
315.000 4.113
316.000 5.712
