Residue    RMSF_medio
1.000 4.526
2.000 3.030
3.000 2.079
4.000 1.827
5.000 1.567
6.000 1.521
7.000 1.289
8.000 1.102
9.000 1.022
10.000 0.879
11.000 1.010
12.000 1.281
13.000 1.479
14.000 1.623
15.000 1.440
16.000 1.497
17.000 1.398
18.000 1.531
19.000 1.423
20.000 1.541
21.000 1.466
22.000 1.578
23.000 1.688
24.000 1.833
25.000 1.588
26.000 1.394
27.000 1.176
28.000 1.416
29.000 1.631
30.000 1.458
31.000 1.373
32.000 1.252
33.000 1.133
34.000 0.844
35.000 0.723
36.000 0.929
37.000 1.111
38.000 0.984
39.000 1.024
40.000 1.128
41.000 1.047
42.000 1.204
43.000 1.496
44.000 1.337
45.000 1.436
46.000 1.453
47.000 1.623
48.000 1.895
49.000 1.835
50.000 1.474
51.000 1.655
52.000 1.595
53.000 1.283
54.000 1.066
55.000 0.782
56.000 0.700
57.000 0.946
58.000 1.370
59.000 1.899
60.000 2.354
61.000 2.040
62.000 1.910
63.000 2.036
64.000 1.666
65.000 1.335
66.000 1.304
67.000 1.229
68.000 1.077
69.000 1.192
70.000 1.206
71.000 0.981
72.000 0.994
73.000 1.157
74.000 1.211
75.000 1.489
76.000 1.265
77.000 1.303
78.000 1.147
79.000 0.979
80.000 0.882
81.000 0.938
82.000 0.941
83.000 0.811
84.000 0.793
85.000 0.909
86.000 0.858
87.000 0.818
88.000 0.942
89.000 0.985
90.000 0.929
91.000 1.021
92.000 1.058
93.000 0.939
94.000 0.876
95.000 0.898
96.000 0.891
97.000 1.000
98.000 0.944
99.000 1.171
100.000 1.175
101.000 0.896
102.000 0.791
103.000 0.739
104.000 0.719
105.000 0.803
106.000 0.898
107.000 0.927
108.000 0.972
109.000 0.875
110.000 0.757
111.000 0.682
112.000 0.691
113.000 0.694
114.000 0.640
115.000 0.620
116.000 0.661
117.000 0.662
118.000 0.647
119.000 0.682
120.000 0.809
121.000 0.840
122.000 0.855
123.000 1.118
124.000 1.227
125.000 1.152
126.000 1.110
127.000 1.031
128.000 1.082
129.000 0.990
130.000 1.003
131.000 0.923
132.000 0.905
133.000 0.961
134.000 1.007
135.000 0.936
136.000 0.952
137.000 1.073
138.000 1.064
139.000 1.021
140.000 1.236
141.000 1.368
142.000 1.229
143.000 1.055
144.000 0.868
145.000 0.844
146.000 0.827
147.000 0.835
148.000 0.821
149.000 0.809
150.000 0.858
151.000 0.928
152.000 0.942
153.000 0.969
154.000 1.083
155.000 1.166
156.000 1.205
157.000 1.164
158.000 1.266
159.000 1.243
160.000 1.199
161.000 1.103
162.000 1.093
163.000 0.934
164.000 0.882
165.000 0.788
166.000 0.827
167.000 0.895
168.000 0.868
169.000 0.891
170.000 1.019
171.000 1.086
172.000 1.031
173.000 1.033
174.000 1.130
175.000 1.041
176.000 1.055
177.000 1.131
178.000 1.256
179.000 1.891
180.000 1.455
181.000 1.039
182.000 0.903
183.000 0.896
184.000 0.875
185.000 1.057
186.000 1.256
187.000 1.573
188.000 1.936
189.000 2.470
190.000 3.146
191.000 3.345
192.000 3.107
193.000 2.658
194.000 2.294
195.000 1.697
196.000 1.450
197.000 1.214
198.000 1.231
199.000 1.056
200.000 1.082
201.000 1.035
202.000 0.935
203.000 0.923
204.000 0.847
205.000 0.766
206.000 0.763
207.000 0.781
208.000 0.916
209.000 0.986
210.000 0.834
211.000 0.780
212.000 0.812
213.000 0.827
214.000 0.946
215.000 0.955
216.000 0.878
217.000 1.002
218.000 1.275
219.000 1.355
220.000 1.601
221.000 2.050
222.000 2.404
223.000 2.880
224.000 3.281
225.000 3.845
226.000 4.029
227.000 4.041
228.000 3.384
229.000 2.758
230.000 2.179
231.000 1.633
232.000 1.353
233.000 1.122
234.000 1.014
235.000 0.991
236.000 0.868
237.000 0.925
238.000 0.942
239.000 0.925
240.000 0.966
241.000 0.775
242.000 0.694
243.000 0.669
244.000 0.664
245.000 0.744
246.000 0.843
247.000 1.001
248.000 1.107
249.000 1.181
250.000 1.250
251.000 1.158
252.000 1.224
253.000 1.284
254.000 1.426
255.000 1.745
256.000 1.738
257.000 1.555
258.000 0.905
259.000 0.722
260.000 0.604
261.000 0.604
262.000 0.646
263.000 0.705
264.000 0.821
265.000 1.103
266.000 1.764
267.000 2.611
268.000 4.087
269.000 3.387
270.000 1.998
271.000 1.056
272.000 0.797
273.000 0.681
274.000 0.650
275.000 0.625
276.000 0.643
277.000 0.846
278.000 1.329
279.000 1.736
280.000 1.799
281.000 1.332
282.000 1.017
283.000 0.833
284.000 0.740
285.000 0.698
286.000 0.746
287.000 0.817
288.000 0.958
289.000 0.880
290.000 0.971
291.000 0.942
292.000 1.202
293.000 1.649
294.000 1.735
295.000 1.670
296.000 1.378
297.000 1.280
298.000 1.004
299.000 0.844
300.000 0.744
301.000 0.698
302.000 0.635
303.000 0.619
304.000 0.635
305.000 0.742
306.000 1.097
307.000 1.643
308.000 2.120
309.000 1.360
310.000 1.092
311.000 1.250
312.000 1.696
313.000 2.922
314.000 4.171
315.000 5.324
316.000 7.044
