Residue    RMSF_medio
1.000 6.669
2.000 4.703
3.000 3.044
4.000 2.160
5.000 1.956
6.000 1.666
7.000 1.609
8.000 1.362
9.000 1.183
10.000 1.089
11.000 0.906
12.000 1.017
13.000 1.348
14.000 1.648
15.000 1.833
16.000 1.594
17.000 1.609
18.000 1.479
19.000 1.631
20.000 1.509
21.000 1.657
22.000 1.549
23.000 1.633
24.000 1.686
25.000 1.848
26.000 1.596
27.000 1.398
28.000 1.171
29.000 1.442
30.000 1.689
31.000 1.522
32.000 1.410
33.000 1.267
34.000 1.137
35.000 0.834
36.000 0.735
37.000 0.980
38.000 1.217
39.000 1.094
40.000 1.064
41.000 1.132
42.000 1.022
43.000 1.193
44.000 1.461
45.000 1.289
46.000 1.414
47.000 1.428
48.000 1.606
49.000 1.909
50.000 1.844
51.000 1.488
52.000 1.718
53.000 1.713
54.000 1.372
55.000 1.141
56.000 0.827
57.000 0.707
58.000 0.876
59.000 1.247
60.000 1.654
61.000 2.140
62.000 1.928
63.000 1.873
64.000 1.926
65.000 1.550
66.000 1.267
67.000 1.262
68.000 1.187
69.000 1.045
70.000 1.095
71.000 1.090
72.000 0.961
73.000 0.966
74.000 1.105
75.000 1.174
76.000 1.427
77.000 1.235
78.000 1.306
79.000 1.153
80.000 1.016
81.000 0.978
82.000 1.006
83.000 0.941
84.000 0.836
85.000 0.863
86.000 0.923
87.000 0.852
88.000 0.844
89.000 0.962
90.000 0.968
91.000 0.918
92.000 0.998
93.000 1.024
94.000 0.925
95.000 0.881
96.000 0.919
97.000 0.914
98.000 1.073
99.000 1.145
100.000 1.382
101.000 1.340
102.000 0.975
103.000 0.834
104.000 0.762
105.000 0.720
106.000 0.790
107.000 0.860
108.000 0.872
109.000 0.926
110.000 0.807
111.000 0.706
112.000 0.633
113.000 0.625
114.000 0.660
115.000 0.635
116.000 0.611
117.000 0.626
118.000 0.650
119.000 0.636
120.000 0.640
121.000 0.774
122.000 0.851
123.000 0.853
124.000 1.020
125.000 1.131
126.000 1.084
127.000 0.994
128.000 0.942
129.000 0.988
130.000 0.942
131.000 0.974
132.000 0.913
133.000 0.867
134.000 0.936
135.000 1.002
136.000 0.924
137.000 0.940
138.000 1.076
139.000 1.060
140.000 1.007
141.000 1.211
142.000 1.359
143.000 1.240
144.000 1.056
145.000 0.850
146.000 0.838
147.000 0.813
148.000 0.787
149.000 0.769
150.000 0.778
151.000 0.806
152.000 0.824
153.000 0.844
154.000 0.894
155.000 0.976
156.000 1.031
157.000 1.126
158.000 1.099
159.000 1.176
160.000 1.139
161.000 1.116
162.000 0.995
163.000 0.852
164.000 0.749
165.000 0.694
166.000 0.630
167.000 0.670
168.000 0.745
169.000 0.740
170.000 0.726
171.000 0.828
172.000 0.906
173.000 0.847
174.000 0.828
175.000 0.952
176.000 0.917
177.000 0.982
178.000 1.001
179.000 1.002
180.000 1.424
181.000 1.261
182.000 0.908
183.000 0.796
184.000 0.800
185.000 0.789
186.000 0.981
187.000 1.072
188.000 1.272
189.000 1.493
190.000 2.069
191.000 2.796
192.000 3.041
193.000 2.762
194.000 2.141
195.000 1.810
196.000 1.495
197.000 1.331
198.000 1.121
199.000 1.131
200.000 0.937
201.000 0.948
202.000 0.886
203.000 0.793
204.000 0.810
205.000 0.730
206.000 0.655
207.000 0.647
208.000 0.648
209.000 0.751
210.000 0.818
211.000 0.673
212.000 0.641
213.000 0.699
214.000 0.696
215.000 0.845
216.000 0.870
217.000 0.762
218.000 0.903
219.000 1.098
220.000 1.119
221.000 1.180
222.000 1.557
223.000 1.965
224.000 2.477
225.000 2.968
226.000 3.677
227.000 3.838
228.000 3.806
229.000 3.188
230.000 2.371
231.000 1.789
232.000 1.279
233.000 1.025
234.000 0.903
235.000 0.862
236.000 0.878
237.000 0.769
238.000 0.777
239.000 0.792
240.000 0.779
241.000 0.822
242.000 0.670
243.000 0.606
244.000 0.575
245.000 0.555
246.000 0.602
247.000 0.658
248.000 0.729
249.000 0.785
250.000 1.057
251.000 0.955
252.000 0.875
253.000 0.917
254.000 0.903
255.000 0.996
256.000 1.103
257.000 1.338
258.000 1.137
259.000 0.740
260.000 0.639
261.000 0.546
262.000 0.549
263.000 0.559
264.000 0.594
265.000 0.639
266.000 0.750
267.000 0.943
268.000 0.990
269.000 0.999
270.000 1.000
271.000 1.085
272.000 0.820
273.000 0.674
274.000 0.616
275.000 0.612
276.000 0.597
277.000 0.589
278.000 0.794
279.000 1.096
280.000 1.591
281.000 1.678
282.000 1.253
283.000 1.004
284.000 0.843
285.000 0.705
286.000 0.675
287.000 0.739
288.000 0.850
289.000 1.018
290.000 0.891
291.000 0.965
292.000 0.904
293.000 1.091
294.000 1.321
295.000 1.466
296.000 1.305
297.000 0.993
298.000 1.025
299.000 0.781
300.000 0.666
301.000 0.583
302.000 0.536
303.000 0.510
304.000 0.526
305.000 0.556
306.000 0.661
307.000 0.982
308.000 1.317
309.000 1.717
310.000 1.113
311.000 0.901
312.000 1.048
313.000 1.474
314.000 2.658
315.000 4.058
316.000 5.496
