Residue    RMSF_medio
1.000 7.409
2.000 5.632
3.000 3.958
4.000 2.723
5.000 2.510
6.000 2.176
7.000 2.189
8.000 1.837
9.000 1.548
10.000 1.421
11.000 1.148
12.000 1.240
13.000 1.552
14.000 1.952
15.000 2.340
16.000 2.133
17.000 2.205
18.000 2.069
19.000 2.262
20.000 2.054
21.000 2.136
22.000 1.917
23.000 1.951
24.000 2.050
25.000 2.280
26.000 1.992
27.000 1.829
28.000 1.542
29.000 2.019
30.000 2.275
31.000 1.973
32.000 1.843
33.000 1.789
34.000 1.622
35.000 1.219
36.000 1.052
37.000 1.520
38.000 1.963
39.000 1.765
40.000 1.736
41.000 1.852
42.000 1.583
43.000 1.765
44.000 2.162
45.000 1.834
46.000 1.833
47.000 1.811
48.000 2.168
49.000 2.645
50.000 2.622
51.000 2.092
52.000 2.400
53.000 2.349
54.000 1.885
55.000 1.539
56.000 1.012
57.000 0.843
58.000 1.071
59.000 1.514
60.000 1.962
61.000 2.315
62.000 2.071
63.000 2.023
64.000 2.175
65.000 1.721
66.000 1.392
67.000 1.412
68.000 1.322
69.000 1.129
70.000 1.246
71.000 1.292
72.000 1.072
73.000 1.065
74.000 1.200
75.000 1.244
76.000 1.496
77.000 1.327
78.000 1.457
79.000 1.279
80.000 1.104
81.000 1.074
82.000 1.127
83.000 1.070
84.000 0.967
85.000 1.031
86.000 1.100
87.000 1.006
88.000 1.021
89.000 1.172
90.000 1.119
91.000 1.054
92.000 1.174
93.000 1.177
94.000 1.065
95.000 1.025
96.000 1.064
97.000 1.050
98.000 1.154
99.000 1.063
100.000 1.250
101.000 1.294
102.000 1.036
103.000 0.930
104.000 0.888
105.000 0.837
106.000 0.906
107.000 0.970
108.000 0.958
109.000 0.984
110.000 0.849
111.000 0.774
112.000 0.686
113.000 0.671
114.000 0.747
115.000 0.750
116.000 0.711
117.000 0.709
118.000 0.754
119.000 0.744
120.000 0.724
121.000 0.827
122.000 0.927
123.000 0.957
124.000 1.011
125.000 1.238
126.000 1.133
127.000 1.066
128.000 1.038
129.000 1.086
130.000 1.049
131.000 1.101
132.000 1.038
133.000 0.976
134.000 1.066
135.000 1.144
136.000 1.049
137.000 1.061
138.000 1.235
139.000 1.219
140.000 1.140
141.000 1.410
142.000 1.636
143.000 1.516
144.000 1.279
145.000 1.016
146.000 0.989
147.000 0.966
148.000 0.909
149.000 0.874
150.000 0.893
151.000 0.903
152.000 0.899
153.000 0.917
154.000 0.964
155.000 1.020
156.000 1.046
157.000 1.126
158.000 1.105
159.000 1.231
160.000 1.290
161.000 1.219
162.000 1.053
163.000 0.921
164.000 0.794
165.000 0.736
166.000 0.656
167.000 0.699
168.000 0.778
169.000 0.772
170.000 0.765
171.000 0.870
172.000 0.942
173.000 0.888
174.000 0.873
175.000 0.997
176.000 0.971
177.000 0.993
178.000 1.084
179.000 1.059
180.000 1.484
181.000 1.301
182.000 0.941
183.000 0.792
184.000 0.776
185.000 0.771
186.000 0.965
187.000 1.109
188.000 1.345
189.000 1.605
190.000 2.050
191.000 2.687
192.000 2.802
193.000 2.634
194.000 2.233
195.000 1.953
196.000 1.557
197.000 1.337
198.000 1.109
199.000 1.083
200.000 0.941
201.000 0.983
202.000 0.937
203.000 0.822
204.000 0.819
205.000 0.746
206.000 0.674
207.000 0.659
208.000 0.650
209.000 0.785
210.000 0.845
211.000 0.702
212.000 0.651
213.000 0.697
214.000 0.731
215.000 0.896
216.000 0.894
217.000 0.785
218.000 0.925
219.000 1.154
220.000 1.155
221.000 1.226
222.000 1.572
223.000 1.799
224.000 2.175
225.000 2.533
226.000 3.064
227.000 3.226
228.000 3.207
229.000 2.778
230.000 2.176
231.000 1.710
232.000 1.346
233.000 1.099
234.000 0.935
235.000 0.837
236.000 0.864
237.000 0.727
238.000 0.734
239.000 0.793
240.000 0.808
241.000 0.879
242.000 0.726
243.000 0.654
244.000 0.582
245.000 0.556
246.000 0.614
247.000 0.688
248.000 0.778
249.000 0.831
250.000 0.860
251.000 0.967
252.000 0.882
253.000 0.914
254.000 0.910
255.000 0.943
256.000 1.031
257.000 1.124
258.000 0.961
259.000 0.757
260.000 0.684
261.000 0.581
262.000 0.556
263.000 0.574
264.000 0.615
265.000 0.678
266.000 0.832
267.000 1.024
268.000 1.087
269.000 1.112
270.000 1.157
271.000 1.215
272.000 0.936
273.000 0.726
274.000 0.657
275.000 0.636
276.000 0.663
277.000 0.632
278.000 0.808
279.000 0.963
280.000 1.605
281.000 1.722
282.000 1.319
283.000 1.051
284.000 0.885
285.000 0.807
286.000 0.788
287.000 0.830
288.000 0.940
289.000 1.104
290.000 0.979
291.000 1.043
292.000 0.992
293.000 1.115
294.000 1.135
295.000 1.181
296.000 1.141
297.000 1.003
298.000 0.938
299.000 0.784
300.000 0.678
301.000 0.607
302.000 0.557
303.000 0.526
304.000 0.544
305.000 0.606
306.000 0.731
307.000 1.028
308.000 1.345
309.000 1.614
310.000 1.097
311.000 0.899
312.000 1.061
313.000 1.504
314.000 2.517
315.000 3.236
316.000 4.374
